# parameter file for CLA lineshape
gt_file = out/CLA_gt.dat
Aw_file = out/CLA_Aw.dat
Fw_file = out/CLA_Fw.dat
lambda_file = out/CLA_lambda.dat
l0 = 85.0
l1 = 0.0
l2 = 0.0
g0 = 53.0
s0 = 0.5
s1 = 0.8
s2 = 0.5
w1 = 0.56
w2 = 1.94
T = 300.0
nu = 1.0
w01 = 97
w02 = 138
w03 = 213
w04 = 260
w05 = 298
w06 = 342
w07 = 388
w08 = 425
w09 = 518
w10 = 546
w11 = 573
w12 = 585
w13 = 604  
w14 = 700  
w15 = 722  
w16 = 742  
w17 = 752  
w18 = 795  
w19 = 916  
w20 = 986  
w21 = 995  
w22 = 1052 
w23 = 1069 
w24 = 1110 
w25 = 1143
w26 = 1181
w27 = 1190
w28 = 1208
w29 = 1216
w30 = 1235
w31 = 1252
w32 = 1260
w33 = 1286
w34 = 1304
w35 = 1322
w36 = 1338 
w37 = 1354
w38 = 1382
w39 = 1439
w40 = 1487
w41 = 1524
w42 = 1537
w43 = 1553
w44 = 1573
w45 = 1580
w46 = 1612
w47 = 1645
w48 = 1673 
s01 = 0.02396
s02 = 0.02881
s03 = 0.03002
s04 = 0.02669
s05 = 0.02669
s06 = 0.06035
s07 = 0.02487
s08 = 0.01486
s09 = 0.03942
s10 = 0.00269
s11 = 0.00849
s12 = 0.00303
s13 = 0.00194
s14 = 0.00197
s15 = 0.00394
s16 = 0.03942
s17 = 0.02578
s18 = 0.00485
s19 = 0.02123
s20 = 0.01031
s21 = 0.02274
s22 = 0.01213
s23 = 0.00636
s24 = 0.01122
s25 = 0.04094
s26 = 0.01759
s27 = 0.00667
s28 = 0.01850
s29 = 0.01759
s30 = 0.00697
s31 = 0.00636
s32 = 0.00636
s33 = 0.00454
s34 = 0.00576
s35 = 0.03032
s36 = 0.00394
s37 = 0.00576
s38 = 0.00667
s39 = 0.00667
s40 = 0.00788
s41 = 0.00636
s42 = 0.02183
s43 = 0.00909
s44 = 0.00454
s45 = 0.00454
s46 = 0.00454
s47 = 0.00363
s48 = 0.00097
g01 = 3
g02 = 3
g03 = 3
g04 = 3
g05 = 3
g06 = 3
g07 = 3
g08 = 3
g09 = 3
g10 = 3
g11 = 3
g12 = 3
g13 = 3
g14 = 3
g15 = 3
g16 = 3
g17 = 3
g18 = 3
g19 = 3
g20 = 3
g21 = 3
g22 = 3
g23 = 3
g24 = 3
g25 = 3
g26 = 3
g27 = 3
g28 = 3
g29 = 3
g30 = 3
g31 = 3
g32 = 3
g33 = 3
g34 = 3
g35 = 3
g36 = 3
g37 = 3
g38 = 3
g39 = 3
g40 = 3
g41 = 3
g42 = 3
g43 = 3
g44 = 3
g45 = 3
g46 = 3
g47 = 3
g48 = 3
